(matrix([[0.],
        [0.],
        [0.],
        [0.],
        [1.]]), array([[-5.55916146,  4.71011084]]), -6.0, matrix([[ 0.        ],
        [ 0.        ],
        [-0.11118323],
        [ 0.09420222],
        [ 1.        ]]), False, False)
(matrix([[ 0.        ],
        [ 0.        ],
        [-0.11118323],
        [ 0.09420222],
        [ 1.        ]]), array([[-5.55330961,  4.69529403]]), -6.000169810122571, matrix([[-1.11183229e-03],
        [ 9.42022169e-04],
        [-2.22249421e-01],
        [ 1.88108097e-01],
        [ 1.00000000e+00]]), False, False)
(matrix([[-1.11183229e-03],
        [ 9.42022169e-04],
        [-2.22249421e-01],
        [ 1.88108097e-01],
        [ 1.00000000e+00]]), array([[-5.57786054,  4.68629852]]), -6.000511223360354, matrix([[-0.00333433],
        [ 0.0028231 ],
        [-0.33380663],
        [ 0.28183407],
        [ 1.        ]]), False, False)
(matrix([[-0.00333433],
        [ 0.0028231 ],
        [-0.33380663],
        [ 0.28183407],
        [ 1.        ]]), array([[-5.61086998,  4.70232309]]), -6.001030949003093, matrix([[-0.00667239],
        [ 0.00564144],
        [-0.44602403],
        [ 0.37588053],
        [ 1.        ]]), False, False)
(matrix([[-0.00667239],
        [ 0.00564144],
        [-0.44602403],
        [ 0.37588053],
        [ 1.        ]]), array([[-5.63554818,  4.75951148]]), -6.001732384024636, matrix([[-0.01113263],
        [ 0.00940025],
        [-0.558735  ],
        [ 0.47107076],
        [ 1.        ]]), False, False)
(matrix([[-0.01113263],
        [ 0.00940025],
        [-0.558735  ],
        [ 0.47107076],
        [ 1.        ]]), array([[-5.61654678,  4.74444044]]), -6.002609026385525, matrix([[-0.01671998],
        [ 0.01411096],
        [-0.67106593],
        [ 0.56595957],
        [ 1.        ]]), False, False)
(matrix([[-0.01671998],
        [ 0.01411096],
        [-0.67106593],
        [ 0.56595957],
        [ 1.        ]]), array([[-5.64345249,  4.71995374]]), -6.003660090014731, matrix([[-0.02343064],
        [ 0.01977055],
        [-0.78393498],
        [ 0.66035864],
        [ 1.        ]]), False, False)
(matrix([[-0.02343064],
        [ 0.01977055],
        [-0.78393498],
        [ 0.66035864],
        [ 1.        ]]), array([[3.33665227, 4.68540226]]), -6.00489585339429, matrix([[-0.03126999],
        [ 0.02637414],
        [-0.71720194],
        [ 0.75406669],
        [ 1.        ]]), False, False)
(matrix([[-0.03126999],
        [ 0.02637414],
        [-0.71720194],
        [ 0.75406669],
        [ 1.        ]]), array([[-2.0449388 ,  4.70814968]]), -6.004527205868065, matrix([[-0.03844201],
        [ 0.03391481],
        [-0.75810071],
        [ 0.84822968],
        [ 1.        ]]), False, False)
(matrix([[-0.03844201],
        [ 0.03391481],
        [-0.75810071],
        [ 0.84822968],
        [ 1.        ]]), array([[-5.61047985,  4.69793702]]), -6.003625916164891, matrix([[-0.04602302],
        [ 0.0423971 ],
        [-0.87031031],
        [ 0.94218842],
        [ 1.        ]]), False, False)
(matrix([[-0.04602302],
        [ 0.0423971 ],
        [-0.87031031],
        [ 0.94218842],
        [ 1.        ]]), array([[-5.68159329,  4.68376389]]), -6.002907135028441, matrix([[-0.05472612],
        [ 0.05181899],
        [-0.98394217],
        [ 1.0358637 ],
        [ 1.        ]]), False, False)
(matrix([[-0.05472612],
        [ 0.05181899],
        [-0.98394217],
        [ 1.0358637 ],
        [ 1.        ]]), array([[-5.66111694,  4.68044527]]), -6.0023879197737005, matrix([[-0.06456554],
        [ 0.06217762],
        [-1.09716451],
        [ 1.12947261],
        [ 1.        ]]), False, False)
(matrix([[-0.06456554],
        [ 0.06217762],
        [-1.09716451],
        [ 1.12947261],
        [ 1.        ]]), array([[-5.64241033,  4.69943645]]), -6.00206483885274, matrix([[-0.07553719],
        [ 0.07347235],
        [-1.21001272],
        [ 1.22346133],
        [ 1.        ]]), False, False)
(matrix([[-0.07553719],
        [ 0.07347235],
        [-1.21001272],
        [ 1.22346133],
        [ 1.        ]]), array([[-5.60826538,  4.67682632]]), -6.001930352709395, matrix([[-0.08763732],
        [ 0.08570696],
        [-1.32217803],
        [ 1.31699786],
        [ 1.        ]]), False, False)
(matrix([[-0.08763732],
        [ 0.08570696],
        [-1.32217803],
        [ 1.31699786],
        [ 1.        ]]), array([[-5.60537009,  4.74037255]]), -6.001982154379082, matrix([[-0.1008591 ],
        [ 0.09887694],
        [-1.43428543],
        [ 1.41180531],
        [ 1.        ]]), False, False)
(matrix([[-0.1008591 ],
        [ 0.09887694],
        [-1.43428543],
        [ 1.41180531],
        [ 1.        ]]), array([[-5.59449952,  4.6898005 ]]), -6.002206955555871, matrix([[-0.11520195],
        [ 0.11299499],
        [-1.54617542],
        [ 1.50560132],
        [ 1.        ]]), False, False)
(matrix([[-0.11520195],
        [ 0.11299499],
        [-1.54617542],
        [ 1.50560132],
        [ 1.        ]]), array([[-5.59151839,  4.6936427 ]]), -6.002612696537936, matrix([[-0.1306637 ],
        [ 0.12805101],
        [-1.65800579],
        [ 1.59947418],
        [ 1.        ]]), False, False)
(matrix([[-0.1306637 ],
        [ 0.12805101],
        [-1.65800579],
        [ 1.59947418],
        [ 1.        ]]), array([[-5.60339409,  4.71539445]]), -6.003198012659026, matrix([[-0.14724376],
        [ 0.14404575],
        [-1.77007367],
        [ 1.69378206],
        [ 1.        ]]), False, False)
(matrix([[-0.14724376],
        [ 0.14404575],
        [-1.77007367],
        [ 1.69378206],
        [ 1.        ]]), array([[-5.61292837,  4.68837723]]), -6.003960928706419, matrix([[-0.1649445 ],
        [ 0.16098357],
        [-1.88233224],
        [ 1.78754961],
        [ 1.        ]]), False, False)
(matrix([[-0.1649445 ],
        [ 0.16098357],
        [-1.88233224],
        [ 1.78754961],
        [ 1.        ]]), array([[-5.40885127,  4.64176365]]), -6.00490875498017, matrix([[-0.18376782],
        [ 0.17885907],
        [-1.99050926],
        [ 1.88038488],
        [ 1.        ]]), False, False)
(matrix([[-0.18376782],
        [ 0.17885907],
        [-1.99050926],
        [ 1.88038488],
        [ 1.        ]]), array([[-4.7909323 ,  4.49275179]]), -6.006009998777525, matrix([[-0.20367291],
        [ 0.19766292],
        [-2.08632791],
        [ 1.97023992],
        [ 1.        ]]), False, False)
(matrix([[-0.20367291],
        [ 0.19766292],
        [-2.08632791],
        [ 1.97023992],
        [ 1.        ]]), array([[-2.95448907,  3.77774081]]), -6.007170878676839, matrix([[-0.22453619],
        [ 0.21736531],
        [-2.14541769],
        [ 2.04579473],
        [ 1.        ]]), False, False)
(matrix([[-0.22453619],
        [ 0.21736531],
        [-2.14541769],
        [ 2.04579473],
        [ 1.        ]]), array([[1.96137382, 2.38814805]]), -6.008167108227528, matrix([[-0.24599037],
        [ 0.23782326],
        [-2.10619021],
        [ 2.0935577 ],
        [ 1.        ]]), False, False)
(matrix([[-0.24599037],
        [ 0.23782326],
        [-2.10619021],
        [ 2.0935577 ],
        [ 1.        ]]), array([[4.31844782, 2.03609708]]), -6.0082934334048765, matrix([[-0.26705227],
        [ 0.25875884],
        [-2.01982126],
        [ 2.13427964],
        [ 1.        ]]), False, False)
(matrix([[-0.26705227],
        [ 0.25875884],
        [-2.01982126],
        [ 2.13427964],
        [ 1.        ]]), array([[4.46315931, 3.34514227]]), -6.007148849603442, matrix([[-0.28725048],
        [ 0.28010164],
        [-1.93055807],
        [ 2.20118248],
        [ 1.        ]]), False, False)
(matrix([[-0.28725048],
        [ 0.28010164],
        [-1.93055807],
        [ 2.20118248],
        [ 1.        ]]), array([[4.50341469, 4.29949235]]), -6.004442605486876, matrix([[-0.30655607],
        [ 0.30211346],
        [-1.84048978],
        [ 2.28717233],
        [ 1.        ]]), False, False)
(matrix([[-0.30655607],
        [ 0.30211346],
        [-1.84048978],
        [ 2.28717233],
        [ 1.        ]]), array([[4.51102594, 4.52058269]]), -5.999975779961101, matrix([[-0.32496096],
        [ 0.32498518],
        [-1.75026926],
        [ 2.37758398],
        [ 1.        ]]), False, False)
(matrix([[-0.32496096],
        [ 0.32498518],
        [-1.75026926],
        [ 2.37758398],
        [ 1.        ]]), array([[4.56777333, 4.58900575]]), -5.993702632708504, matrix([[-0.34246366],
        [ 0.34876102],
        [-1.65891379],
        [ 2.4693641 ],
        [ 1.        ]]), False, False)
(matrix([[-0.34246366],
        [ 0.34876102],
        [-1.65891379],
        [ 2.4693641 ],
        [ 1.        ]]), array([[4.54092247, 4.57350407]]), -5.985598129640211, matrix([[-0.35905279],
        [ 0.37345466],
        [-1.56809534],
        [ 2.56083418],
        [ 1.        ]]), False, False)
(matrix([[-0.35905279],
        [ 0.37345466],
        [-1.56809534],
        [ 2.56083418],
        [ 1.        ]]), array([[4.41373663, 4.54645177]]), -5.975670741262455, matrix([[-0.37473375],
        [ 0.39906301],
        [-1.47982061],
        [ 2.65176321],
        [ 1.        ]]), False, False)
(matrix([[-0.37473375],
        [ 0.39906301],
        [-1.47982061],
        [ 2.65176321],
        [ 1.        ]]), array([[4.21009802, 4.52969209]]), -5.963951315204924, matrix([[-0.38953195],
        [ 0.42558064],
        [-1.39561865],
        [ 2.74235706],
        [ 1.        ]]), False, False)
(matrix([[-0.38953195],
        [ 0.42558064],
        [-1.39561865],
        [ 2.74235706],
        [ 1.        ]]), array([[3.5771096 , 4.51335163]]), -5.950483931125638, matrix([[-0.40348814],
        [ 0.45300421],
        [-1.32407646],
        [ 2.83262409],
        [ 1.        ]]), False, False)
(matrix([[-0.40348814],
        [ 0.45300421],
        [-1.32407646],
        [ 2.83262409],
        [ 1.        ]]), array([[3.24389278, 4.51765241]]), -5.935398454798949, matrix([[-0.4167289 ],
        [ 0.48133045],
        [-1.2591986 ],
        [ 2.92297714],
        [ 1.        ]]), False, False)
(matrix([[-0.4167289 ],
        [ 0.48133045],
        [-1.2591986 ],
        [ 2.92297714],
        [ 1.        ]]), array([[3.50109104, 4.49836943]]), -5.918760669434753, matrix([[-0.42932089],
        [ 0.51056022],
        [-1.18917678],
        [ 3.01294453],
        [ 1.        ]]), False, False)
(matrix([[-0.42932089],
        [ 0.51056022],
        [-1.18917678],
        [ 3.01294453],
        [ 1.        ]]), array([[3.49498887, 4.51921597]]), -5.900522991976693, matrix([[-0.44121266],
        [ 0.54068967],
        [-1.119277  ],
        [ 3.10332885],
        [ 1.        ]]), False, False)
(matrix([[-0.44121266],
        [ 0.54068967],
        [-1.119277  ],
        [ 3.10332885],
        [ 1.        ]]), array([[3.74949949, 4.50454479]]), -5.880682473550398, matrix([[-0.45240543],
        [ 0.57172295],
        [-1.04428701],
        [ 3.19341974],
        [ 1.        ]]), False, False)
(matrix([[-0.45240543],
        [ 0.57172295],
        [-1.04428701],
        [ 3.19341974],
        [ 1.        ]]), array([[4.46430286, 4.47103331]]), -5.859191146268518, matrix([[-0.4628483 ],
        [ 0.60365715],
        [-0.95500096],
        [ 3.28284041],
        [ 1.        ]]), False, False)
(matrix([[-0.4628483 ],
        [ 0.60365715],
        [-0.95500096],
        [ 3.28284041],
        [ 1.        ]]), array([[4.62905218, 4.46864314]]), -5.835912751753984, matrix([[-0.47239831],
        [ 0.63648556],
        [-0.86241991],
        [ 3.37221327],
        [ 1.        ]]), False, False)
(matrix([[-0.47239831],
        [ 0.63648556],
        [-0.86241991],
        [ 3.37221327],
        [ 1.        ]]), array([[4.64295687, 4.45418076]]), -5.810814818175237, matrix([[-0.48102251],
        [ 0.67020769],
        [-0.76956077],
        [ 3.46129689],
        [ 1.        ]]), False, False)
(matrix([[-0.48102251],
        [ 0.67020769],
        [-0.76956077],
        [ 3.46129689],
        [ 1.        ]]), array([[4.6435159 , 4.47675641]]), -5.783897457070365, matrix([[-0.48871811],
        [ 0.70482066],
        [-0.67669046],
        [ 3.55083201],
        [ 1.        ]]), False, False)
(matrix([[-0.48871811],
        [ 0.70482066],
        [-0.67669046],
        [ 3.55083201],
        [ 1.        ]]), array([[4.68806445, 4.45827468]]), -5.755156041503325, matrix([[-0.49548502],
        [ 0.74032898],
        [-0.58292917],
        [ 3.63999751],
        [ 1.        ]]), False, False)
(matrix([[-0.49548502],
        [ 0.74032898],
        [-0.58292917],
        [ 3.63999751],
        [ 1.        ]]), array([[4.68888525, 4.45254039]]), -5.724585358109094, matrix([[-0.50131431],
        [ 0.77672895],
        [-0.48915146],
        [ 3.72904832],
        [ 1.        ]]), False, False)
(matrix([[-0.50131431],
        [ 0.77672895],
        [-0.48915146],
        [ 3.72904832],
        [ 1.        ]]), array([[4.63086392, 4.45945187]]), -5.692186389586613, matrix([[-0.50620583],
        [ 0.81401944],
        [-0.39653418],
        [ 3.81823735],
        [ 1.        ]]), False, False)
(matrix([[-0.50620583],
        [ 0.81401944],
        [-0.39653418],
        [ 3.81823735],
        [ 1.        ]]), array([[4.67317516, 4.50672043]]), -5.6579693579062225, matrix([[-0.51017117],
        [ 0.85220181],
        [-0.30307068],
        [ 3.90837176],
        [ 1.        ]]), False, False)
(matrix([[-0.51017117],
        [ 0.85220181],
        [-0.30307068],
        [ 3.90837176],
        [ 1.        ]]), array([[4.70964414, 4.52076354]]), -5.621916347106943, matrix([[-0.51320187],
        [ 0.89128553],
        [-0.2088778 ],
        [ 3.99878703],
        [ 1.        ]]), False, False)
(matrix([[-0.51320187],
        [ 0.89128553],
        [-0.2088778 ],
        [ 3.99878703],
        [ 1.        ]]), array([[4.69844003, 4.49741889]]), -5.584017254771206, matrix([[-0.51529065],
        [ 0.9312734 ],
        [-0.114909  ],
        [ 4.08873541],
        [ 1.        ]]), False, False)
(matrix([[-0.51529065],
        [ 0.9312734 ],
        [-0.114909  ],
        [ 4.08873541],
        [ 1.        ]]), array([[4.70204169, 4.51016313]]), -5.544278990650116, matrix([[-0.51643974],
        [ 0.97216075],
        [-0.02086816],
        [ 4.17893867],
        [ 1.        ]]), False, False)
(matrix([[-0.51643974],
        [ 0.97216075],
        [-0.02086816],
        [ 4.17893867],
        [ 1.        ]]), array([[4.73251352, 4.51426081]]), -5.502698285563561, matrix([[-0.51664842],
        [ 1.01395014],
        [ 0.07378211],
        [ 4.26922389],
        [ 1.        ]]), False, False)
(matrix([[-0.51664842],
        [ 1.01395014],
        [ 0.07378211],
        [ 4.26922389],
        [ 1.        ]]), array([[4.72367299, 4.50248466]]), -5.4592682256126865, matrix([[-0.5159106 ],
        [ 1.05664238],
        [ 0.16825557],
        [ 4.35927358],
        [ 1.        ]]), False, False)
(matrix([[-0.5159106 ],
        [ 1.05664238],
        [ 0.16825557],
        [ 4.35927358],
        [ 1.        ]]), array([[4.74498781, 4.54221409]]), -5.413992934130822, matrix([[-0.51422805],
        [ 1.10023511],
        [ 0.26315532],
        [ 4.45011786],
        [ 1.        ]]), False, False)
(matrix([[-0.51422805],
        [ 1.10023511],
        [ 0.26315532],
        [ 4.45011786],
        [ 1.        ]]), array([[4.72981953, 4.50821658]]), -5.36686020226992, matrix([[-0.51159649],
        [ 1.14473629],
        [ 0.35775171],
        [ 4.5402822 ],
        [ 1.        ]]), False, False)
(matrix([[-0.51159649],
        [ 1.14473629],
        [ 0.35775171],
        [ 4.5402822 ],
        [ 1.        ]]), array([[4.70813486, 4.51550256]]), -5.31787986318557, matrix([[-0.50801898],
        [ 1.19013911],
        [ 0.45191441],
        [ 4.63059225],
        [ 1.        ]]), False, False)
(matrix([[-0.50801898],
        [ 1.19013911],
        [ 0.45191441],
        [ 4.63059225],
        [ 1.        ]]), array([[4.710546  , 4.52011273]]), -5.267054796616934, matrix([[-0.50349983],
        [ 1.23644504],
        [ 0.54612533],
        [ 4.7209945 ],
        [ 1.        ]]), False, False)
(matrix([[-0.50349983],
        [ 1.23644504],
        [ 0.54612533],
        [ 4.7209945 ],
        [ 1.        ]]), array([[4.68854327, 4.47633529]]), -5.21438359830252, matrix([[-0.49803858],
        [ 1.28365498],
        [ 0.6398962 ],
        [ 4.81052121],
        [ 1.        ]]), False, False)
(matrix([[-0.49803858],
        [ 1.28365498],
        [ 0.6398962 ],
        [ 4.81052121],
        [ 1.        ]]), array([[4.68508877, 4.4480292 ]]), -5.159879424276197, matrix([[-0.49163962],
        [ 1.33176019],
        [ 0.73359797],
        [ 4.89948179],
        [ 1.        ]]), False, False)
(matrix([[-0.49163962],
        [ 1.33176019],
        [ 0.73359797],
        [ 4.89948179],
        [ 1.        ]]), array([[4.67479778, 4.43306076]]), -5.103548626655369, matrix([[-0.48430364],
        [ 1.38075501],
        [ 0.82709393],
        [ 4.98814301],
        [ 1.        ]]), False, False)
(matrix([[-0.48430364],
        [ 1.38075501],
        [ 0.82709393],
        [ 4.98814301],
        [ 1.        ]]), array([[4.72644082, 4.46330587]]), -5.045396257326691, matrix([[-0.4760327 ],
        [ 1.43063644],
        [ 0.92162274],
        [ 5.07740912],
        [ 1.        ]]), False, False)
(matrix([[-0.4760327 ],
        [ 1.43063644],
        [ 0.92162274],
        [ 5.07740912],
        [ 1.        ]]), array([[4.73714622, 4.41553117]]), -4.985405938660906, matrix([[-0.46681647],
        [ 1.48141053],
        [ 1.01636567],
        [ 5.16571975],
        [ 1.        ]]), False, False)
(matrix([[-0.46681647],
        [ 1.48141053],
        [ 1.01636567],
        [ 5.16571975],
        [ 1.        ]]), array([[4.7012044 , 4.44162629]]), -4.9235850845164215, matrix([[-0.45665281],
        [ 1.53306773],
        [ 1.11038976],
        [ 5.25455227],
        [ 1.        ]]), False, False)
(matrix([[-0.45665281],
        [ 1.53306773],
        [ 1.11038976],
        [ 5.25455227],
        [ 1.        ]]), array([[4.79625214, 4.42168809]]), -4.859935664233842, matrix([[-0.44554892],
        [ 1.58561325],
        [ 1.2063148 ],
        [ 5.34298603],
        [ 1.        ]]), False, False)
(matrix([[-0.44554892],
        [ 1.58561325],
        [ 1.2063148 ],
        [ 5.34298603],
        [ 1.        ]]), array([[4.74694272, 4.47918845]]), -4.794442655904296, matrix([[-0.43348577],
        [ 1.63904311],
        [ 1.30125365],
        [ 5.4325698 ],
        [ 1.        ]]), False, False)
(matrix([[-0.43348577],
        [ 1.63904311],
        [ 1.30125365],
        [ 5.4325698 ],
        [ 1.        ]]), array([[4.70052111, 4.53017028]]), -4.727104421341819, matrix([[-0.42047323],
        [ 1.69336881],
        [ 1.39526408],
        [ 5.52317321],
        [ 1.        ]]), False, False)
(matrix([[-0.42047323],
        [ 1.69336881],
        [ 1.39526408],
        [ 5.52317321],
        [ 1.        ]]), array([[4.69951474, 4.52565087]]), -4.657920048501968, matrix([[-0.40652059],
        [ 1.74860054],
        [ 1.48925437],
        [ 5.61368623],
        [ 1.        ]]), False, False)
(matrix([[-0.40652059],
        [ 1.74860054],
        [ 1.48925437],
        [ 5.61368623],
        [ 1.        ]]), array([[4.67679985, 4.53092963]]), -4.58689064254006, matrix([[-0.39162805],
        [ 1.80473741],
        [ 1.58279037],
        [ 5.70430482],
        [ 1.        ]]), False, False)
(matrix([[-0.39162805],
        [ 1.80473741],
        [ 1.58279037],
        [ 5.70430482],
        [ 1.        ]]), array([[4.6993704 , 4.52012375]]), -4.514019690681982, matrix([[-0.37580014],
        [ 1.86178045],
        [ 1.67677777],
        [ 5.79470729],
        [ 1.        ]]), False, False)
(matrix([[-0.37580014],
        [ 1.86178045],
        [ 1.67677777],
        [ 5.79470729],
        [ 1.        ]]), array([[4.69977072, 4.49333426]]), -4.439304839994536, matrix([[-0.35903237],
        [ 1.91972753],
        [ 1.77077319],
        [ 5.88457398],
        [ 1.        ]]), False, False)
(matrix([[-0.35903237],
        [ 1.91972753],
        [ 1.77077319],
        [ 5.88457398],
        [ 1.        ]]), array([[4.72737245, 4.50730653]]), -4.362751368310818, matrix([[-0.34132463],
        [ 1.97857327],
        [ 1.86532064],
        [ 5.97472011],
        [ 1.        ]]), False, False)
(matrix([[-0.34132463],
        [ 1.97857327],
        [ 1.86532064],
        [ 5.97472011],
        [ 1.        ]]), array([[4.69957156, 4.48934611]]), -4.284350960830706, matrix([[-0.32267143],
        [ 2.03832047],
        [ 1.95931207],
        [ 6.06450703],
        [ 1.        ]]), False, False)
(matrix([[-0.32267143],
        [ 2.03832047],
        [ 1.95931207],
        [ 6.06450703],
        [ 1.        ]]), array([[4.75959415, 4.51147459]]), -4.204112769816395, matrix([[-0.30307831],
        [ 2.09896554],
        [ 2.05450395],
        [ 6.15473652],
        [ 1.        ]]), False, False)
(matrix([[-0.30307831],
        [ 2.09896554],
        [ 2.05450395],
        [ 6.15473652],
        [ 1.        ]]), array([[4.77261734, 4.51555068]]), -4.122020365054308, matrix([[-0.28253327],
        [ 2.1605129 ],
        [ 2.1499563 ],
        [ 6.24504754],
        [ 1.        ]]), False, False)
(matrix([[-0.28253327],
        [ 2.1605129 ],
        [ 2.1499563 ],
        [ 6.24504754],
        [ 1.        ]]), array([[4.77510506, 4.51351083]]), -4.0380703266878575, matrix([[-0.2610337 ],
        [ 2.22296338],
        [ 2.2454584 ],
        [ 6.33531775],
        [ 1.        ]]), False, False)
(matrix([[-0.2610337 ],
        [ 2.22296338],
        [ 2.2454584 ],
        [ 6.33531775],
        [ 1.        ]]), array([[4.75462781, 4.53598191]]), -3.952262565143423, matrix([[-0.23857912],
        [ 2.28631656],
        [ 2.34055096],
        [ 6.42603739],
        [ 1.        ]]), False, False)
(matrix([[-0.23857912],
        [ 2.28631656],
        [ 2.34055096],
        [ 6.42603739],
        [ 1.        ]]), array([[4.74521756, 4.61119725]]), -3.86459668165615, matrix([[-0.21517361],
        [ 2.35057693],
        [ 2.43545531],
        [ 6.51826134],
        [ 1.        ]]), False, False)
(matrix([[-0.21517361],
        [ 2.35057693],
        [ 2.43545531],
        [ 6.51826134],
        [ 1.        ]]), array([[4.80349512, 4.56657798]]), -3.7750595152056974, matrix([[-0.19081906],
        [ 2.41575954],
        [ 2.53152521],
        [ 6.6095929 ],
        [ 1.        ]]), False, False)
(matrix([[-0.19081906],
        [ 2.41575954],
        [ 2.53152521],
        [ 6.6095929 ],
        [ 1.        ]]), array([[4.74471695, 4.54273281]]), -3.6836483341350688, matrix([[-0.16550381],
        [ 2.48185547],
        [ 2.62641955],
        [ 6.70044755],
        [ 1.        ]]), False, False)
(matrix([[-0.16550381],
        [ 2.48185547],
        [ 2.62641955],
        [ 6.70044755],
        [ 1.        ]]), array([[4.70563449, 4.53160517]]), -3.5903796631127842, matrix([[-0.13923961],
        [ 2.54885995],
        [ 2.72053224],
        [ 6.79107966],
        [ 1.        ]]), False, False)
(matrix([[-0.13923961],
        [ 2.54885995],
        [ 2.72053224],
        [ 6.79107966],
        [ 1.        ]]), array([[4.65955583, 4.50433961]]), -3.4952635441592106, matrix([[-0.11203429],
        [ 2.61677074],
        [ 2.81372336],
        [ 6.88116645],
        [ 1.        ]]), False, False)
(matrix([[-0.11203429],
        [ 2.61677074],
        [ 2.81372336],
        [ 6.88116645],
        [ 1.        ]]), array([[4.67393241, 4.50095224]]), -3.3983146461174965, matrix([[-0.08389705],
        [ 2.68558241],
        [ 2.907202  ],
        [ 6.97118549],
        [ 1.        ]]), False, False)
(matrix([[-0.08389705],
        [ 2.68558241],
        [ 2.907202  ],
        [ 6.97118549],
        [ 1.        ]]), array([[4.66854352, 4.54118591]]), -3.299530771145078, matrix([[-0.05482503],
        [ 2.75529426],
        [ 3.00057287],
        [ 7.06200921],
        [ 1.        ]]), False, False)
(matrix([[-0.05482503],
        [ 2.75529426],
        [ 3.00057287],
        [ 7.06200921],
        [ 1.        ]]), array([[4.65226425, 4.52813335]]), -3.1989049502858333, matrix([[-0.02481931],
        [ 2.82591436],
        [ 3.09361816],
        [ 7.15257188],
        [ 1.        ]]), False, False)
(matrix([[-0.02481931],
        [ 2.82591436],
        [ 3.09361816],
        [ 7.15257188],
        [ 1.        ]]), array([[4.57905171, 4.54242635]]), -3.0964430499056435, matrix([[6.11687573e-03],
        [2.89744007e+00],
        [3.18519919e+00],
        [7.24342041e+00],
        [1.00000000e+00]]), False, False)
(matrix([[6.11687573e-03],
        [2.89744007e+00],
        [3.18519919e+00],
        [7.24342041e+00],
        [1.00000000e+00]]), array([[4.60819881, 4.5317896 ]]), -2.9921568539119083, matrix([[0.03796887],
        [2.96987428],
        [3.27736317],
        [7.3340562 ],
        [1.        ]]), False, False)
(matrix([[0.03796887],
        [2.96987428],
        [3.27736317],
        [7.3340562 ],
        [1.        ]]), array([[4.59565172, 4.58581792]]), -2.972472341024956, matrix([[0.0707425 ],
        [3.04321484],
        [3.3692762 ],
        [7.42577256],
        [1.        ]]), False, False)
(matrix([[0.0707425 ],
        [3.04321484],
        [3.3692762 ],
        [7.42577256],
        [1.        ]]), array([[4.60558585, 4.59431998]]), -3.0130373045389183, matrix([[0.10443526],
        [3.11747257],
        [3.46138792],
        [7.51765896],
        [1.        ]]), False, False)
(matrix([[0.10443526],
        [3.11747257],
        [3.46138792],
        [7.51765896],
        [1.        ]]), array([[4.56220807, 4.61571692]]), -3.0536000148796467, matrix([[0.13904914],
        [3.19264916],
        [3.55263208],
        [7.60997329],
        [1.        ]]), False, False)
(matrix([[0.13904914],
        [3.19264916],
        [3.55263208],
        [7.60997329],
        [1.        ]]), array([[4.60278763, 4.55997636]]), -3.0941734269894328, matrix([[0.17457546],
        [3.26874889],
        [3.64468784],
        [7.70117282],
        [1.        ]]), False, False)
(matrix([[0.17457546],
        [3.26874889],
        [3.64468784],
        [7.70117282],
        [1.        ]]), array([[4.61075768, 4.61622186]]), -3.134738276846367, matrix([[0.21102234],
        [3.34576062],
        [3.73690299],
        [7.79349726],
        [1.        ]]), False, False)
(matrix([[0.21102234],
        [3.34576062],
        [3.73690299],
        [7.79349726],
        [1.        ]]), array([[4.5633173 , 4.66873846]]), -3.1753042195389907, matrix([[0.24839137],
        [3.42369559],
        [3.82816933],
        [7.88687203],
        [1.        ]]), False, False)
(matrix([[0.24839137],
        [3.42369559],
        [3.82816933],
        [7.88687203],
        [1.        ]]), array([[4.54790782, 4.6586234 ]]), -3.2158912464627174, matrix([[0.28667306],
        [3.50256431],
        [3.91912749],
        [7.9800445 ],
        [1.        ]]), False, False)
(matrix([[0.28667306],
        [3.50256431],
        [3.91912749],
        [7.9800445 ],
        [1.        ]]), array([[4.51860123, 4.60203101]]), -3.256500416502728, matrix([[0.32586434],
        [3.58236475],
        [4.00949952],
        [8.07208512],
        [1.        ]]), False, False)
(matrix([[0.32586434],
        [3.58236475],
        [4.00949952],
        [8.07208512],
        [1.        ]]), array([[4.55281717, 4.57528462]]), -3.297126272497569, matrix([[0.36595933],
        [3.66308561],
        [4.10055586],
        [8.16359081],
        [1.        ]]), False, False)
(matrix([[0.36595933],
        [3.66308561],
        [4.10055586],
        [8.16359081],
        [1.        ]]), array([[4.53252264, 4.57578455]]), -3.3377566219814065, matrix([[0.40696489],
        [3.74472151],
        [4.19120631],
        [8.2551065 ],
        [1.        ]]), False, False)
(matrix([[0.40696489],
        [3.74472151],
        [4.19120631],
        [8.2551065 ],
        [1.        ]]), array([[4.55720529, 4.57642201]]), -3.378395623847256, matrix([[0.44887695],
        [3.82727258],
        [4.28235042],
        [8.34663494],
        [1.        ]]), False, False)
(matrix([[0.44887695],
        [3.82727258],
        [4.28235042],
        [8.34663494],
        [1.        ]]), array([[4.58583391, 4.55667084]]), -3.4190384690564635, matrix([[0.49170046],
        [3.91073893],
        [4.3740671 ],
        [8.43776836],
        [1.        ]]), False, False)
(matrix([[0.49170046],
        [3.91073893],
        [4.3740671 ],
        [8.43776836],
        [1.        ]]), array([[4.53908852, 4.56656583]]), -3.459675481652227, matrix([[0.53544113],
        [3.99511661],
        [4.46484887],
        [8.52909967],
        [1.        ]]), False, False)
(matrix([[0.53544113],
        [3.99511661],
        [4.46484887],
        [8.52909967],
        [1.        ]]), array([[4.52046296, 4.62302876]]), -3.500317989710038, matrix([[0.58008962],
        [4.08040761],
        [4.55525813],
        [8.62156025],
        [1.        ]]), False, False)
(matrix([[0.58008962],
        [4.08040761],
        [4.55525813],
        [8.62156025],
        [1.        ]]), array([[4.50506805, 4.61096829]]), -3.5409810109274646, matrix([[0.6256422 ],
        [4.16662321],
        [4.64535949],
        [8.71377961],
        [1.        ]]), False, False)
(matrix([[0.6256422 ],
        [4.16662321],
        [4.64535949],
        [8.71377961],
        [1.        ]]), array([[4.50458083, 4.6195572 ]]), -3.581665212192821, matrix([[0.67209579],
        [4.25376101],
        [4.7354511 ],
        [8.80617076],
        [1.        ]]), False, False)
(matrix([[0.67209579],
        [4.25376101],
        [4.7354511 ],
        [8.80617076],
        [1.        ]]), array([[4.48309868, 4.58885466]]), -3.6223724087337823, matrix([[0.71945031],
        [4.34182271],
        [4.82511308],
        [8.89794785],
        [1.        ]]), False, False)
(matrix([[0.71945031],
        [4.34182271],
        [4.82511308],
        [8.89794785],
        [1.        ]]), array([[4.47951571, 4.61168689]]), -3.663100756469321, matrix([[0.76770144],
        [4.43080219],
        [4.91470339],
        [8.99018159],
        [1.        ]]), False, False)
(matrix([[0.76770144],
        [4.43080219],
        [4.91470339],
        [8.99018159],
        [1.        ]]), array([[4.50997614, 4.67028376]]), -3.7038555384422396, matrix([[0.81684847],
        [4.52070401],
        [5.00490291],
        [9.08358726],
        [1.        ]]), False, False)
(matrix([[0.81684847],
        [4.52070401],
        [5.00490291],
        [9.08358726],
        [1.        ]]), array([[4.54442691, 4.62376444]]), -3.744642381938337, matrix([[0.8668975 ],
        [4.61153988],
        [5.09579145],
        [9.17606255],
        [1.        ]]), False, False)
(matrix([[0.8668975 ],
        [4.61153988],
        [5.09579145],
        [9.17606255],
        [1.        ]]), array([[4.487597 , 4.5729526]]), -3.785445092940961, matrix([[0.91785541],
        [4.70330051],
        [5.18554339],
        [9.2675216 ],
        [1.        ]]), False, False)
(matrix([[0.91785541],
        [4.70330051],
        [5.18554339],
        [9.2675216 ],
        [1.        ]]), array([[4.45417272, 4.52777393]]), -3.826264875064617, matrix([[0.96971085],
        [4.79597572],
        [5.27462685],
        [9.35807708],
        [1.        ]]), False, False)
(matrix([[0.96971085],
        [4.79597572],
        [5.27462685],
        [9.35807708],
        [1.        ]]), array([[4.47468302, 4.5685569 ]]), -3.8670993774288362, matrix([[1.02245712],
        [4.88955649],
        [5.36412051],
        [9.44944822],
        [1.        ]]), False, False)
(matrix([[1.02245712],
        [4.88955649],
        [5.36412051],
        [9.44944822],
        [1.        ]]), array([[4.43325851, 4.58605635]]), -3.9079526545693732, matrix([[1.07609832],
        [4.98405098],
        [5.45278568],
        [9.54116935],
        [1.        ]]), False, False)
(matrix([[1.07609832],
        [4.98405098],
        [5.45278568],
        [9.54116935],
        [1.        ]]), array([[4.46931641, 4.61261816]]), -3.9488364912768668, matrix([[1.13062618],
        [5.07946267],
        [5.54217201],
        [9.63342171],
        [1.        ]]), False, False)
(matrix([[1.13062618],
        [5.07946267],
        [5.54217201],
        [9.63342171],
        [1.        ]]), array([[4.44037951, 4.60830423]]), -3.989748988334809, matrix([[1.1860479 ],
        [5.17579689],
        [5.6309796 ],
        [9.7255878 ],
        [1.        ]]), False, False)
(matrix([[1.1860479 ],
        [5.17579689],
        [5.6309796 ],
        [9.7255878 ],
        [1.        ]]), array([[4.4263964, 4.5827807]]), -4.030695070337726, matrix([[1.24235769],
        [5.27305276],
        [5.71950752],
        [9.81724341],
        [1.        ]]), False, False)
(matrix([[1.24235769],
        [5.27305276],
        [5.71950752],
        [9.81724341],
        [1.        ]]), array([[4.49912594, 4.5650994 ]]), -4.071672429201875, matrix([[1.29955277],
        [5.3712252 ],
        [5.80949004],
        [9.9085454 ],
        [1.        ]]), False, False)
(matrix([[1.29955277],
        [5.3712252 ],
        [5.80949004],
        [9.9085454 ],
        [1.        ]]), array([[4.48773612, 4.55047328]]), -4.112662982757366, matrix([[1.35764767],
        [5.47031065],
        [5.89924476],
        [9.99955486],
        [1.        ]]), False, False)
(matrix([[1.35764767],
        [5.47031065],
        [5.89924476],
        [9.99955486],
        [1.        ]]), array([[4.49417092, 4.50744156]]), -4.153666083745484, matrix([[ 1.41664012],
        [ 5.5703062 ],
        [ 5.98912818],
        [10.08970369],
        [ 1.        ]]), False, False)
(matrix([[ 1.41664012],
        [ 5.5703062 ],
        [ 5.98912818],
        [10.08970369],
        [ 1.        ]]), array([[4.53322376, 4.50471532]]), -4.194671838862988, matrix([[ 1.4765314 ],
        [ 5.67120324],
        [ 6.07979266],
        [10.179798  ],
        [ 1.        ]]), False, False)
(matrix([[ 1.4765314 ],
        [ 5.67120324],
        [ 6.07979266],
        [10.179798  ],
        [ 1.        ]]), array([[4.55025501, 4.54953838]]), -4.2356718922910375, matrix([[ 1.53732933],
        [ 5.77300122],
        [ 6.17079776],
        [10.27078877],
        [ 1.        ]]), False, False)
(matrix([[ 1.53732933],
        [ 5.77300122],
        [ 6.17079776],
        [10.27078877],
        [ 1.        ]]), array([[4.53658029, 4.5738989 ]]), -4.276671802392476, matrix([[ 1.5990373 ],
        [ 5.87570911],
        [ 6.26152936],
        [10.36226675],
        [ 1.        ]]), False, False)
(matrix([[ 1.5990373 ],
        [ 5.87570911],
        [ 6.26152936],
        [10.36226675],
        [ 1.        ]]), array([[4.54527982, 4.57333152]]), -4.317679176216784, matrix([[ 1.6616526 ],
        [ 5.97933177],
        [ 6.35243496],
        [10.45373338],
        [ 1.        ]]), False, False)
(matrix([[ 1.6616526 ],
        [ 5.97933177],
        [ 6.35243496],
        [10.45373338],
        [ 1.        ]]), array([[4.528228  , 4.55957537]]), -4.358692160381561, matrix([[ 1.72517695],
        [ 6.08386911],
        [ 6.44299952],
        [10.54492488],
        [ 1.        ]]), False, False)
(matrix([[ 1.72517695],
        [ 6.08386911],
        [ 6.44299952],
        [10.54492488],
        [ 1.        ]]), array([[4.48218294, 4.55949798]]), -4.399711414021005, matrix([[ 1.78960694],
        [ 6.18931836],
        [ 6.53264318],
        [10.63611484],
        [ 1.        ]]), False, False)
(matrix([[ 1.78960694],
        [ 6.18931836],
        [ 6.53264318],
        [10.63611484],
        [ 1.        ]]), array([[4.45926258, 4.556649  ]]), -4.440746130668956, matrix([[ 1.85493337],
        [ 6.2956795 ],
        [ 6.62182843],
        [10.72724782],
        [ 1.        ]]), False, False)
(matrix([[ 1.85493337],
        [ 6.2956795 ],
        [ 6.62182843],
        [10.72724782],
        [ 1.        ]]), array([[4.42099499, 4.56120238]]), -4.481800324600956, matrix([[ 1.92115166],
        [ 6.40295198],
        [ 6.71024833],
        [10.81847187],
        [ 1.        ]]), False, False)
(matrix([[ 1.92115166],
        [ 6.40295198],
        [ 6.71024833],
        [10.81847187],
        [ 1.        ]]), array([[4.41504867, 4.56693701]]), -4.522882560010715, matrix([[ 1.98825414],
        [ 6.5111367 ],
        [ 6.7985493 ],
        [10.90981061],
        [ 1.        ]]), False, False)
(matrix([[ 1.98825414],
        [ 6.5111367 ],
        [ 6.7985493 ],
        [10.90981061],
        [ 1.        ]]), array([[4.44498613, 4.56601587]]), -4.563995173089209, matrix([[ 2.05623963],
        [ 6.62023481],
        [ 6.88744903],
        [11.00113093],
        [ 1.        ]]), False, False)
(matrix([[ 2.05623963],
        [ 6.62023481],
        [ 6.88744903],
        [11.00113093],
        [ 1.        ]]), array([[4.43765006, 4.60438254]]), -4.605131992116194, matrix([[ 2.12511412],
        [ 6.73024612],
        [ 6.97620203],
        [11.09321858],
        [ 1.        ]]), False, False)
(matrix([[ 2.12511412],
        [ 6.73024612],
        [ 6.97620203],
        [11.09321858],
        [ 1.        ]]), array([[4.46381373, 4.60539907]]), -4.646302157640036, matrix([[ 2.19487615],
        [ 6.8411783 ],
        [ 7.0654783 ],
        [11.18532656],
        [ 1.        ]]), False, False)
(matrix([[ 2.19487615],
        [ 6.8411783 ],
        [ 7.0654783 ],
        [11.18532656],
        [ 1.        ]]), array([[4.45904673, 4.58718858]]), -4.687500640231251, matrix([[ 2.26553093],
        [ 6.95303157],
        [ 7.15465924],
        [11.27707033],
        [ 1.        ]]), False, False)
(matrix([[ 2.26553093],
        [ 6.95303157],
        [ 7.15465924],
        [11.27707033],
        [ 1.        ]]), array([[4.46230152, 4.55609199]]), -4.7287247511927175, matrix([[ 2.33707752],
        [ 7.06580227],
        [ 7.24390527],
        [11.36819217],
        [ 1.        ]]), False, False)
(matrix([[ 2.33707752],
        [ 7.06580227],
        [ 7.24390527],
        [11.36819217],
        [ 1.        ]]), array([[4.45402529, 4.58160165]]), -4.769967620249193, matrix([[ 2.40951657],
        [ 7.17948419],
        [ 7.33298577],
        [11.45982421],
        [ 1.        ]]), False, False)
(matrix([[ 2.40951657],
        [ 7.17948419],
        [ 7.33298577],
        [11.45982421],
        [ 1.        ]]), array([[4.4385604 , 4.55072181]]), -4.81123600457799, matrix([[ 2.48284643],
        [ 7.29408244],
        [ 7.42175698],
        [11.55083864],
        [ 1.        ]]), False, False)
(matrix([[ 2.48284643],
        [ 7.29408244],
        [ 7.42175698],
        [11.55083864],
        [ 1.        ]]), array([[4.44340381, 4.56509445]]), -4.852526821188578, matrix([[ 2.557064  ],
        [ 7.40959082],
        [ 7.51062506],
        [11.64214053],
        [ 1.        ]]), False, False)
(matrix([[ 2.557064  ],
        [ 7.40959082],
        [ 7.51062506],
        [11.64214053],
        [ 1.        ]]), array([[4.44575294, 4.61567257]]), -4.893841975926839, matrix([[ 2.63217025],
        [ 7.52601223],
        [ 7.59954012],
        [11.73445398],
        [ 1.        ]]), False, False)
(matrix([[ 2.63217025],
        [ 7.52601223],
        [ 7.59954012],
        [11.73445398],
        [ 1.        ]]), array([[4.44085363, 4.62199366]]), -4.935191114590987, matrix([[ 2.70816565],
        [ 7.64335677],
        [ 7.68835719],
        [11.82689386],
        [ 1.        ]]), False, False)
(matrix([[ 2.70816565],
        [ 7.64335677],
        [ 7.68835719],
        [11.82689386],
        [ 1.        ]]), array([[4.48961745, 4.57989623]]), -4.976576481261889, matrix([[ 2.78504922],
        [ 7.76162571],
        [ 7.77814954],
        [11.91849178],
        [ 1.        ]]), False, False)
(matrix([[ 2.78504922],
        [ 7.76162571],
        [ 7.77814954],
        [11.91849178],
        [ 1.        ]]), array([[4.49899934, 4.59902447]]), -5.017979903688352, matrix([[ 2.86283072],
        [ 7.88081062],
        [ 7.86812952],
        [12.01047227],
        [ 1.        ]]), False, False)
(matrix([[ 2.86283072],
        [ 7.88081062],
        [ 7.86812952],
        [12.01047227],
        [ 1.        ]]), array([[4.44757885, 4.5537879 ]]), -5.059403331140533, matrix([[ 2.94151202],
        [ 8.00091535],
        [ 7.9570811 ],
        [12.10154803],
        [ 1.        ]]), False, False)
(matrix([[ 2.94151202],
        [ 8.00091535],
        [ 7.9570811 ],
        [12.10154803],
        [ 1.        ]]), array([[4.48774745, 4.56671537]]), -5.143013652512216, matrix([[ 3.02108283],
        [ 8.12193083],
        [ 8.04683605],
        [12.19288234],
        [ 1.        ]]), False, True)
