0, 0, 0, 0.998570000000000, 0.0533840000000000, 0, 0, 0, 0, 0, 0, 0, 0, 0, 0, 0, 0, 0, 0, 0, 0, 0, 0, 0, 0, 0, 0, 0, 
0, 0, 1, -0.00318220000000000, 0.0595250000000000, 0, 0, 0, 0, 0, 0, 0, 0, 0, 0, 0, 0, 0, 0, 0, 0, 0, 0, 0, 0, 0, 0, 0, 
0, 0, -11.5700000000000, -2.54460000000000, -0.0636030000000000, 0.106780000000000, -0.0949190000000000, 0.00710760000000000, -5.20820000000000, -23.1260000000000, -4.24690000000000, -0.710740000000000, -1.48670000000000, -0.0445480000000000, 0.0343660000000000, 0.0229900000000000, 0.580150000000000, 1.04760000000000, 11.2650000000000, 2.62230000000000, 0.382950000000000, 0.453080000000000, 0.0226520000000000, 0.0125340000000000, 0.108400000000000, -0.160140000000000, -0.0949190000000000, -0.0389720000000000, 
0, 0, 0.439360000000000, -1.99820000000000, 0, 0.0166520000000000, 0.0184620000000000, -0.00118750000000000, -10.7790000000000, 0.343050000000000, -0.0349490000000000, -3.46670000000000, 0.0134160000000000, -0.00650170000000000, -0.00724800000000000, -0.00483590000000000, -0.152500000000000, 2.03920000000000, -0.169610000000000, -0.279130000000000, -0.00367820000000000, -0.00167970000000000, 0.0508120000000000, 0.0432740000000000, -0.0623050000000000, 0.979160000000000, 0.0184620000000000, 0.0106970000000000, 
0, 0, -2.04090000000000, -0.459000000000000, -0.735030000000000, 0.0192560000000000, -0.00459560000000000, 0.00212040000000000, -1.06430000000000, -3.65920000000000, -0.493550000000000, -0.0595610000000000, -1.95350000000000, -0.0109390000000000, -0.000271000000000000, 0.0505640000000000, 1.58830000000000, 0.219920000000000, 1.82190000000000, 2.69320000000000, 0.0686200000000000, 0.0863100000000000, 0.00241540000000000, 0.000727040000000000, 0.640960000000000, -0.0230170000000000, -0.00459560000000000, -0.596680000000000, 
-32.1040000000000, 0, -0.503360000000000, 2.29790000000000, 0, -0.0212160000000000, -0.0211680000000000, 0.0158120000000000, 12.4590000000000, -0.353640000000000, 0.0641370000000000, 4.03530000000000, -0.272150000000000, 0.000999590000000000, 0.00252970000000000, 0.111630000000000, 2.73640000000000, -2.35450000000000, 0.175220000000000, 0.863080000000000, 0.00440130000000000, 0.00437340000000000, -0.0597950000000000, -0.0510050000000000, 0.609530000000000, -1.11580000000000, -0.0211680000000000, -0.0337390000000000, 
0.102160000000000, 32.0580000000000, -2.34720000000000, -0.503610000000000, 0.834950000000000, 0.0212270000000000, -0.0378800000000000, 0.000354000000000000, -0.761480000000000, -5.12930000000000, -1.13140000000000, -0.148790000000000, 1.38070000000000, -0.0129310000000000, 0.00764570000000000, 0.0737970000000000, 1.36170000000000, 0.150700000000000, 2.45240000000000, -1.44880000000000, 0.0765160000000000, 0.0871230000000000, 0.00462320000000000, 0.00263520000000000, -0.0794020000000000, -0.0310230000000000, -0.0378800000000000, 0.657930000000000, 
-1.91100000000000, 1.71380000000000, -0.00400540000000000, -0.0574110000000000, 0, 0.0139900000000000, -0.000906750000000000, -0.290510000000000, -2.06060000000000, -0.774850000000000, -0.471750000000000, -1.21390000000000, 5.03050000000000, 0.126410000000000, 0.113190000000000, -2.07840000000000, -50.1850000000000, 0.340670000000000, 0.375860000000000, -10.6410000000000, -0.00363420000000000, -0.0479630000000000, 0.0305100000000000, 0.0275840000000000, -10.5420000000000, -0.126840000000000, -0.000906750000000000, 0.420790000000000, 
0.126300000000000, -0.00289830000000000, -0.319320000000000, 0.785200000000000, 0.00177240000000000, 5.84370000000000e-6, 5.23380000000000e-6, -9.78990000000000e-5, -0.0726110000000000, 0.00166630000000000, 0.195700000000000, 0.517340000000000, 0.0523650000000000, -3.35970000000000e-6, -3.00910000000000e-6, 5.62850000000000e-5, 0, 0, 0, 0, 0, 0, 0, 0, 0, 0, 5.23380000000000e-6, 0, 
-0.0181140000000000, 0.0776150000000000, 0.710900000000000, 2.45430000000000, -0.0127930000000000, 4.05110000000000e-5, 3.62830000000000e-5, -0.000678670000000000, 0.0104140000000000, -0.0446230000000000, 0.564310000000000, -1.50730000000000, 0.0668800000000000, -2.32910000000000e-5, -2.08600000000000e-5, 0.000390190000000000, 0, 0, 0, 0, 0, 0, 0, 0, 0, 0, 3.62830000000000e-5, 0, 
-0.0199570000000000, 0.00710900000000000, 122.640000000000, 1.79170000000000, 0.138330000000000, 7.26170000000000e-7, 6.50380000000000e-7, -1.21650000000000e-5, -8.48120000000000, -37.7140000000000, -93.6580000000000, -4.80200000000000, -2.56740000000000, 0.0341380000000000, -0.0388800000000000, 0.0446030000000000, 0.946020000000000, 1.70820000000000, 18.3690000000000, 4.27600000000000, 0.624450000000000, 0.738800000000000, 0.0369370000000000, 0.0204380000000000, 0.176760000000000, -0.261130000000000, 6.50380000000000e-7, -0.0635500000000000, 
0.00785300000000000, 0.00392570000000000, 0.287860000000000, 58.0530000000000, 0.0306980000000000, -6.83760000000000e-6, -6.12400000000000e-6, 0.000114550000000000, -17.5810000000000, 0.557140000000000, 0.205950000000000, -43.2310000000000, 0.00422710000000000, 0.00605390000000000, 0.00664670000000000, -0.00913890000000000, -0.248660000000000, 3.32510000000000, -0.276580000000000, -0.455150000000000, -0.00599780000000000, -0.00273900000000000, 0.0828560000000000, 0.0705630000000000, -0.101600000000000, 1.59670000000000, -6.12400000000000e-6, 0.0174430000000000, 
0.0114970000000000, -0.0125830000000000, 13.8480000000000, 22.2890000000000, 0.0422870000000000, 0.000197560000000000, 0.000176940000000000, -0.00330970000000000, -1.74210000000000, -5.95950000000000, -11.3330000000000, -14.2160000000000, -3.94480000000000, 0.00130460000000000, -0.00513930000000000, 0.0864740000000000, 2.59000000000000, 0.358610000000000, 2.97090000000000, 4.39160000000000, 0.111890000000000, 0.140740000000000, 0.00393870000000000, 0.00118550000000000, 1.04520000000000, -0.0375320000000000, 0.000176940000000000, -0.972960000000000, 
-16.9390000000000, 0.618050000000000, 107.920000000000, 204.520000000000, 0.204410000000000, 0.00474210000000000, 0.00424720000000000, -0.0794440000000000, -2.04850000000000, -0.931990000000000, -66.5410000000000, -116.470000000000, -0.561300000000000, -0.0223120000000000, -0.0194850000000000, 0.243520000000000, 4.46210000000000, -3.83940000000000, 0.285710000000000, 1.40740000000000, 0.00717690000000000, 0.00713140000000000, -0.0975040000000000, -0.0831710000000000, 0.993920000000000, -1.81940000000000, 0.00424720000000000, -0.0550160000000000, 
-0.542810000000000, 7.08180000000000, -135.010000000000, 460.930000000000, 0.0364990000000000, 0.00693720000000000, 0.00621320000000000, -0.116220000000000, -0.827450000000000, 19.6220000000000, 78.5540000000000, -283.240000000000, 3.06540000000000, -0.00384760000000000, -0.0289850000000000, 0.187510000000000, 2.22050000000000, 0.245740000000000, 3.99900000000000, -2.36250000000000, 0.124770000000000, 0.142070000000000, 0.00753870000000000, 0.00429710000000000, -0.129480000000000, -0.0505880000000000, 0.00621320000000000, 1.07280000000000, 
-1.28650000000000, 0.142280000000000, -1.26570000000000, 65.7430000000000, -1.32070000000000, -0.0618560000000000, -0.0554000000000000, 1.03630000000000, -4.53150000000000, 0.368540000000000, 0.00248710000000000, -42.3260000000000, 8.96220000000000, 0.255680000000000, 0.215510000000000, -4.27540000000000, -81.8340000000000, 0.555500000000000, 0.612890000000000, -17.3520000000000, -0.00592600000000000, -0.0782100000000000, 0.0497500000000000, 0.0449800000000000, -17.1910000000000, -0.206830000000000, -0.0554000000000000, 0.686150000000000, 
0, 0, 0, 0, 0, -0.00970230000000000, -0.00868960000000000, 0.162540000000000, 0, 0, 0, 0, 0, 0, 0, 0, -0.0120000000000000, 0, 0, 0, 0, 0, 0, 0, 0, 0, -0.00868960000000000, 0, 
-8.15320000000000, 0, 0, 0, 0, 0, 0, 0, 0, 0, 0, 0, 0, 0, 0, 0, 0, -0.00500000000000000, 0, 0, 0, 0, 0, 0, 0, 0, 0, 0, 
0, -3.26130000000000, 0, 0, 0, 0, 0, 0, 0, 0, 0, 0, 0, 0, 0, 0, 0, 0, -0.00500000000000000, 0, 0, 0, 0, 0, 0, 0, 0, 0, 
0, 0, 0, 0.174410000000000, -3.26130000000000, 0, 0, 0, 0, 0, 0, 0, 0, 0, 0, 0, 0, 0, 0, -0.0100000000000000, 0, 0, 0, 0, 0, 0, 0, 0, 
0, 0, -3.26130000000000, 0, 0, 0, 0, 0, 0, 0, 0, 0, 0, 0, 0, 0, 0, 0, 0, 0, -8.50000000000000, -18.0000000000000, 0, 0, 0, 0, 0, 0, 
0, 0, 0, 0, 0, 0, 0, 0, 0, 0, 0, 0, 0, 0, 0, 0, 0, 0, 0, 0, 1, 0, 0, 0, 0, 0, 0, 0, 
0, 0, 0, -8.15320000000000, 0, 0, 0, 0, 0, 0, 0, 0, 0, 0, 0, 0, 0, 0, 0, 0, 0, 0, -8.50000000000000, -18.0000000000000, 0, 0, 0, 0, 
0, 0, 0, 0, 0, 0, 0, 0, 0, 0, 0, 0, 0, 0, 0, 0, 0, 0, 0, 0, 0, 0, 1, 0, 0, 0, 0, 0, 
0, 0, 0, 0, 0, 0, 0, 0, 0.699960000000000, 0.262040000000000, 0.159590000000000, 0.411550000000000, -1.70160000000000, -0.0427570000000000, -0.0382850000000000, 0.703050000000000, 16.9760000000000, -0.115790000000000, -0.127110000000000, 3.59950000000000, 0.00122970000000000, 0.0162240000000000, -0.0103340000000000, -0.00934240000000000, -6.43390000000000, 0.0426400000000000, 0, -0.142340000000000, 
0, 0, 0, 0, 0, 0, 0, 0, -37.0010000000000, 0.783590000000000, -0.183850000000000, -11.8700000000000, -0.106080000000000, -0.0263070000000000, -0.0271180000000000, 0.0367450000000000, 0.764600000000000, 7.00240000000000, -0.390320000000000, -0.642630000000000, -0.00570170000000000, 0.00352230000000000, 0.173870000000000, 0.147910000000000, 0.0560930000000000, -6.64200000000000, 0, 0.0261820000000000, 
0, 0, 0, 0, 0, 0, 0, 0, 1.99140000000000, 13.7600000000000, 2.53040000000000, 0.0825290000000000, 0.728260000000000, 0.0239030000000000, -0.0228970000000000, 0.0153280000000000, 0.370480000000000, -0.412570000000000, -6.70090000000000, -1.32700000000000, -0.227020000000000, -0.267480000000000, -0.00865100000000000, -0.00339440000000000, 0.0987930000000000, 0.197710000000000, 0, -0.0119770000000000, 
0, 0, 0, 0, 0, 0, 0, 0, 1.96590000000000, -3.74310000000000, -1.96260000000000, 0.0189290000000000, 11.1450000000000, -0.0360020000000000, -0.00122210000000000, 0.602490000000000, 11.6400000000000, -0.407670000000000, 1.50770000000000, -12.8000000000000, 0.00539310000000000, -0.0142090000000000, -0.000915160000000000, -0.000640330000000000, -0.0365350000000000, 0.0124590000000000, 0, -5.47280000000000, 
