7.6248
2.3546
7.5703
2.3216
4.6086
0.3538
5.2422
3.9923
8.9943
1.7143
0.24718
5.9218
5.7022
5.8246
3.4134
5.5956
3.9767
9.4569
8.765
9.8845
3.9137
9.2012
4.5751
6.6164
5.2145
9.829
8.9967
6.302
3.4683
3.0584
9.0124
1.066
2.9632
8.5156
7.2941
6.4278
2.6819
7.2813
8.922
5.0993
5.5309
8.8087
8.5626
5.9954
4.8225
0.12009
2.7879
5.7413
8.2792
7.0457
3.4186
4.0203
5.389
1.8974
4.3469
4.0868
2.0564
2.9339
2.5612
3.1261
5.4868
8.3082
2.975
8.7716
7.5489
3.2524
2.5812
7.3413
4.3744
3.1246
9.0366
6.9508
7.5679
2.6664
6.1122
1.7228
1.5188
6.8394
2.1795
7.6368
0.66947
2.4018
3.5422
6.0766
